Cluster 1:
Centroid: (261.636, 139.909)
Cities: 1 2 3 4 5 6 276 277 278 279 280 

Cluster 2:
Centroid: (210.4, 158.333)
Cities: 7 8 9 10 11 12 13 14 15 16 271 272 273 274 275 

Cluster 3:
Centroid: (150.824, 151.118)
Cities: 17 18 19 20 21 22 23 24 25 26 27 128 129 130 131 132 133 

Cluster 4:
Centroid: (44.8, 150.2)
Cities: 35 36 37 38 39 40 41 42 45 46 47 48 49 50 51 52 53 54 55 56 

Cluster 5:
Centroid: (44.2105, 98.8947)
Cities: 43 44 57 58 59 60 61 62 63 64 65 68 86 113 114 115 116 117 118 

Cluster 6:
Centroid: (20.8889, 74.3333)
Cities: 66 67 69 70 71 72 73 74 75 76 77 82 83 84 85 87 88 112 

Cluster 7:
Centroid: (31.5, 32.5)
Cities: 78 79 80 81 89 90 91 92 93 94 95 96 97 98 99 109 

Cluster 8:
Centroid: (66.9474, 33.2105)
Cities: 100 101 102 103 104 105 106 107 108 110 111 167 168 169 170 171 172 173 174 

Cluster 9:
Centroid: (107.286, 148.714)
Cities: 28 29 30 31 32 33 34 122 123 124 125 126 127 154 

Cluster 10:
Centroid: (177.176, 99.3529)
Cities: 134 135 136 137 138 139 140 141 148 149 264 265 266 267 268 269 270 

Cluster 11:
Centroid: (118.769, 94.8462)
Cities: 119 120 121 150 151 152 153 155 156 157 158 177 178 

Cluster 12:
Centroid: (120, 19)
Cities: 163 164 165 166 184 185 186 187 188 189 190 191 

Cluster 13:
Centroid: (117.091, 58.0909)
Cities: 159 160 161 162 175 176 179 180 181 182 183 

Cluster 14:
Centroid: (175.889, 41.8889)
Cities: 142 143 144 145 146 147 192 193 194 195 196 197 198 199 200 201 202 203 

Cluster 15:
Centroid: (228.842, 51.5263)
Cities: 204 205 206 207 208 209 210 211 212 213 214 215 216 217 218 219 220 221 222 

Cluster 16:
Centroid: (266.545, 49.3636)
Cities: 223 224 225 226 227 228 229 233 234 235 236 

Cluster 17:
Centroid: (275.059, 89.9412)
Cities: 230 231 232 237 238 239 240 241 242 243 244 245 246 247 248 250 251 

Cluster 18:
Centroid: (228, 104.692)
Cities: 249 252 253 254 255 256 257 258 259 260 261 262 263 

