Cluster Order: 1 2 20 6 7 16 15 13 14 3 11 19 5 4 9 10 8 12 17 18 

Cluster 1:
Centroid: (167.86, 24.36)
Cities: 552 553 560 570 514 513 515 516 512 582 559 569 571 517 581 511 510 561 518 551 519 568 509 572 504 503 583 591 491 520 539 490 592 492 562 593 493 556 521 483 554 482 489 522 523 524 555 600 486 538 

Cluster 2:
Centroid: (180.692, 14)
Cities: 472 587 627 480 525 588 601 602 526 527 651 653 654 

Cluster 3:
Centroid: (87.4783, 82.913)
Cities: 199 200 201 202 210 211 212 213 215 216 218 223 224 225 230 231 232 240 242 248 249 250 251 252 254 258 264 266 290 291 303 304 305 306 307 311 312 313 321 322 332 333 342 343 344 345 

Cluster 4:
Centroid: (16.3939, 22.3636)
Cities: 1 7 8 9 10 11 12 13 33 37 42 43 44 48 49 50 51 54 56 57 58 59 84 85 86 87 88 90 93 95 96 97 98 

Cluster 5:
Centroid: (9.74359, 54.8205)
Cities: 2 3 4 5 14 15 16 17 18 19 20 21 22 23 24 25 26 27 28 29 34 35 60 61 62 63 64 65 66 69 70 71 72 73 74 75 76 77 82 

Cluster 6:
Centroid: (180.22, 82.72)
Cities: 564 565 566 580 557 545 549 546 614 579 615 541 613 542 547 567 540 550 618 616 543 612 548 620 558 586 536 617 625 621 578 544 535 611 626 622 644 577 645 589 643 534 533 646 634 590 532 642 647 507 

Cluster 7:
Centroid: (162.143, 69.8571)
Cities: 531 508 530 537 502 529 528 

Cluster 8:
Centroid: (72.3056, 22.9167)
Cities: 107 132 133 146 147 153 158 168 178 185 186 187 188 189 203 204 205 206 209 214 217 219 220 226 227 233 234 235 239 241 243 245 247 253 255 259 

Cluster 9:
Centroid: (56.56, 49.58)
Cities: 150 145 149 144 163 162 137 170 136 161 171 135 148 143 156 142 115 116 114 180 117 113 118 179 130 181 172 112 119 169 120 111 110 173 193 194 192 191 121 182 102 190 122 109 195 99 123 208 196 108 

Cluster 10:
Centroid: (58.1667, 54)
Cities: 103 207 197 134 198 104 

Cluster 11:
Centroid: (53.3429, 88.1429)
Cities: 91 92 94 100 101 105 106 124 125 126 127 128 129 131 138 139 140 141 151 152 154 155 157 159 160 164 165 166 167 174 175 176 177 183 184 

Cluster 12:
Centroid: (108.923, 14.5128)
Cities: 265 267 268 269 270 293 294 295 296 302 308 314 315 323 324 325 331 334 335 336 337 338 346 347 354 358 359 360 361 376 377 378 388 404 405 413 423 427 428 

Cluster 13:
Centroid: (97.12, 44.34)
Cities: 301 280 279 278 281 282 300 277 310 320 276 299 283 330 319 284 329 275 298 318 292 274 328 263 262 341 273 309 285 348 317 297 340 349 327 261 286 260 350 272 246 316 326 339 287 271 355 244 288 256 

Cluster 14:
Centroid: (97.5556, 53.8889)
Cities: 351 237 238 289 236 229 228 352 222 257 221 368 356 369 370 371 372 353 

Cluster 15:
Centroid: (136.1, 75.38)
Cities: 422 421 466 465 458 468 457 469 424 459 420 477 478 392 425 456 414 481 455 433 454 402 394 387 386 485 484 426 487 432 389 395 488 385 453 431 403 452 479 500 499 390 501 396 412 374 391 373 498 506 

Cluster 16:
Centroid: (137, 83)
Cities: 435 497 505 375 357 

Cluster 17:
Centroid: (132.14, 36.78)
Cities: 416 417 418 415 430 408 409 410 407 446 399 400 429 462 447 398 463 406 461 445 393 397 444 448 443 449 381 380 382 434 383 442 464 379 441 475 470 450 474 365 366 364 471 440 363 451 476 362 367 439 

Cluster 18:
Centroid: (139.923, 37.5385)
Cities: 419 460 411 401 473 438 494 495 384 437 496 436 467 

Cluster 19:
Centroid: (13.3913, 86.913)
Cities: 6 30 31 32 36 38 39 40 41 45 46 47 52 53 55 67 68 78 79 80 81 83 89 

Cluster 20:
Centroid: (196.367, 44.1837)
Cities: 563 573 574 575 576 584 585 594 595 596 597 598 599 603 604 605 606 607 608 609 610 619 623 624 628 629 630 631 632 633 635 636 637 638 639 640 641 648 649 650 652 655 656 657 658 659 660 661 662 

