Cluster Order: 1 57 20 21 48 18 15 14 47 7 26 25 71 35 11 37 49 24 65 64 41 38 50 56 60 59 68 55 19 39 54 51 52 8 9 61 3 36 53 44 10 42 43 70 5 4 22 23 63 16 62 28 27 72 73 29 30 17 32 6 69 67 46 40 45 12 13 31 66 58 34 33 2 

Cluster 1:
Centroid: (51783.9, 78222.8)
Cities: 7608 7723 7751 7575 7707 7523 7673 7800 7694 7504 7439 7821 7419 7778 7863 7554 7456 7383 7708 7850 7402 7781 7365 7645 7862 7569 7589 7879 7919 7469 7766 7457 7929 7289 7352 7695 7276 7912 7495 7250 7964 7851 7979 7384 7965 7208 7277 7209 7994 7918 7662 7978 7261 7724 7385 7607 7880 7159 7228 7330 7624 7470 7164 7681 7570 7840 7780 7351 7750 8023 8048 7547 8049 8064 8029 7072 7071 7158 7752 7047 8090 7586 7403 8080 7980 7108 7382 7074 7290 8104 8105 8091 7102 7505 7744 7557 7471 8118 7005 8081 7190 7831 7341 7777 7157 8151 7083 6979 6955 7211 7928 7644 7725 6954 8063 7963 8065 8188 6905 8024 8093 7160 6904 8179 7287 7343 6949 6881 8103 7371 7995 7381 7944 8214 8106 7023 7350 6838 8225 7139 7309 7625 8189 7711 7646 7977 7546 7553 7663 6882 6972 6788 7568 8253 7943 7404 8287 6925 7767 7084 8150 6858 6880 8288 7573 7682 6684 7229 6739 8325 7386 8343 6658 8264 8326 6824 7440 7140 7227 6859 8324 6696 8313 6610 7606 8163 8390 6906 8412 7696 7175 7675 7380 6697 7590 8022 7830 7438 

Cluster 2:
Centroid: (51859.5, 78086)
Cities: 8438 6721 8437 7667 8436 6839 7191 7213 6539 7942 7626 7173 8411 7703 7025 6540 8410 6789 8413 8286 6679 7878 8240 8342 7488 8498 8497 8178 7262 8239 8373 6467 7118 7210 6740 7742 6380 8132 8545 8506 7706 6637 7308 7422 6464 8318 6429 6698 7722 6950 7902 7329 6262 8263 8086 7532 8589 8578 6844 7799 7310 6766 7161 8238 8496 7156 6655 8614 6588 8632 8631 7503 6236 6611 7721 7230 7661 7364 7829 7026 6097 7235 7344 8674 8673 8511 6263 7311 7285 7588 6948 5982 7418 8697 7494 8761 8734 8747 8824 

Cluster 3:
Centroid: (53112, 63829.9)
Cities: 7318 7388 7709 7745 7755 7760 7790 7808 7811 7815 7816 7833 7869 7888 7889 7893 7906 7908 7934 7935 7945 7948 7959 7987 7997 8004 8019 8025 8033 8041 8053 8074 8085 8119 8120 8121 8133 8142 8154 8155 8164 8168 8190 8191 8193 8195 8197 8199 8228 8232 8243 8254 8255 8292 8303 8310 8314 8317 8354 8396 8419 8420 8431 8432 8433 8460 8464 8472 8476 8507 8509 8517 8518 8519 8520 8534 8548 8549 8553 8554 8561 8568 8572 8574 8575 8579 8587 8594 8598 8609 8618 8623 8626 8628 8641 8642 8654 8655 8656 8660 8667 8693 8698 8705 8712 8719 8724 8731 8732 8748 8758 8763 8771 8776 8789 8806 8807 8808 8825 8849 8850 8852 8866 8867 8882 8894 8903 8910 8911 8919 8927 8930 8937 8938 8952 8984 8986 8999 9000 9001 9007 9027 9042 9054 9070 9084 9085 9089 9090 9122 9126 9129 9130 9144 9153 9162 9170 9187 9198 9200 9219 9226 9233 9234 9241 9253 9270 9297 9298 9321 9322 9338 9345 9346 9371 9390 9399 9402 9405 9431 9437 9464 9474 9475 9477 9479 9482 9483 9485 9496 9501 9527 9534 9535 9536 9557 9589 9614 

Cluster 4:
Centroid: (49012.7, 47337)
Cities: 3789 3790 3752 3653 3854 3626 3462 3549 3874 3919 3541 3418 3899 3385 3467 3344 3386 3502 3383 3984 3829 4057 3526 3853 3308 4056 3265 3660 3266 3460 3277 3600 4058 3509 3963 3641 4241 3830 3192 3193 3584 3387 3449 3605 3983 3273 3360 4302 3920 4303 3164 3306 4301 4357 3629 4027 3520 3601 3918 3421 4334 4026 4222 3206 3466 4055 3373 3151 3242 4081 3947 3430 3489 3855 3962 4028 4139 3346 4442 3961 3507 4138 3572 3490 4279 4080 3150 4171 3362 4025 3191 3424 4170 3105 3293 3280 4240 3329 4024 3248 4137 4098 3276 4221 4300 3127 3174 4079 3247 3234 4239 3982 4078 4136 3243 4299 4054 3371 4169 3448 4023 3981 3431 3115 4298 3345 3960 3738 3980 4441 3043 3384 3013 4220 3012 4636 3263 3330 4411 4440 3139 2983 4666 4443 4410 3114 2971 3372 4741 4278 3060 3129 3052 4555 4409 3035 3264 2963 2970 3167 4833 2982 3059 3204 4740 4899 3034 4503 3491 3869 4554 4585 2978 4900 3113 2995 4607 2944 2936 3116 3921 4280 3106 3095 3117 4444 3061 4635 2925 4194 2912 3084 4242 2932 4637 4606 3331 4556 

Cluster 5:
Centroid: (49063.1, 47689.9)
Cities: 2969 3249 3074 5031 4812 2981 3190 2911 2947 3246 4834 3407 2902 3181 5032 2935 3550 4901 4775 2888 2923 5125 4774 3388 5126 5033 3118 5149 4304 5148 5127 4937 3767 2878 5147 5179 3205 2868 3102 5222 5221 2996 4959 5220 2867 3166 2845 2843 5258 3210 3112 5073 3510 2846 2842 5150 3062 5318 2819 5319 5317 5285 2847 2844 2828 5074 2817 3408 5002 2836 2809 5380 5379 4934 5349 5381 5378 2837 5382 5034 2818 5413 2799 5128 5448 5180 2848 2791 5350 5466 2856 2869 5151 5465 5488 2778 2743 2758 2849 2808 5517 2779 2820 5320 5552 2768 5489 2741 3250 2759 2735 2724 3014 5593 5629 2761 2711 3194 2725 5594 5705 2997 2857 5732 5733 5706 5734 2998 5815 5816 5817 3015 3075 3053 

Cluster 6:
Centroid: (50596.5, 64980.6)
Cities: 3762 3799 3911 4022 4184 4543 4787 4809 4829 4928 4930 5014 5015 5024 5026 5047 5057 5103 5120 5124 5144 5145 5163 5199 5208 5211 5216 5237 5238 5252 5256 5284 5299 5300 5307 5308 5311 5316 5341 5342 5346 5360 5361 5373 5390 5404 5407 5411 5412 5429 5444 5446 5463 5482 5500 5501 5502 5503 5514 5516 5543 5546 5548 5576 5577 5586 5608 5643 5644 5649 5650 5676 5691 5692 5723 5757 5788 5809 5810 5827 5866 5869 5904 5906 5918 5926 5931 5933 5958 5976 5985 5991 5995 5997 6105 6124 6147 6195 6208 6274 6292 6350 6436 6470 6481 6482 6488 6494 6510 6514 6530 6531 6558 6559 6632 6633 6640 6672 6691 6724 6757 6782 6834 6876 6890 6902 6908 6918 6919 6926 6944 6964 6965 6988 7039 7057 7089 7115 7171 7184 7185 7186 7192 7212 7245 7246 7256 7263 7272 7273 7297 7300 7338 7345 7348 7362 7368 7377 7409 7433 7441 7510 7561 7562 7580 7611 7618 7619 7688 7753 

Cluster 7:
Centroid: (43509.3, 79542.2)
Cities: 442 459 508 533 539 540 543 551 558 559 562 569 570 573 575 584 585 586 592 598 599 607 612 613 617 625 626 628 635 648 649 652 653 665 667 675 676 677 679 688 695 696 697 698 699 700 706 714 715 716 717 718 721 742 743 744 751 752 765 766 767 768 769 782 812 856 870 871 897 898 903 912 940 941 942 943 954 973 994 995 1007 1008 1009 1014 1024 1028 1037 1038 1039 1040 1041 1061 1072 1073 1074 1077 1085 1102 1106 1131 1132 1143 1155 1156 1175 1192 1193 1194 1195 1210 1219 1220 1221 1222 1228 1245 1250 1254 1257 1334 1339 1345 1351 1356 1357 1360 1370 1377 1384 1388 1390 1391 1393 1394 1400 1401 1402 1403 1407 1408 1415 1417 1422 1428 1437 1438 1439 1444 1445 1446 1453 1454 1457 1458 1459 1460 1463 1464 1466 1471 1477 1479 1480 1481 1488 1496 1500 1693 

Cluster 8:
Centroid: (53729.6, 67118.9)
Cities: 9175 9163 9111 9312 9107 9124 9135 9325 9034 9019 9370 9009 9279 9374 9055 9041 9113 8989 8979 9440 9112 8947 9326 9343 8929 9309 9300 9050 9362 9035 9288 8934 9423 9419 9299 9150 9109 9466 9014 9505 9499 9239 8936 9192 8854 8969 8814 8889 9549 9494 9538 9245 9392 9396 9213 9493 9366 8878 9556 8781 9098 9044 9364 8779 8843 8745 9588 9578 8741 9409 9185 8762 8961 9082 9447 8752 9195 9611 9242 8960 9618 9495 9178 8909 9216 9387 8804 9558 9087 8749 9340 8751 8908 9633 9284 9587 9167 9457 8816 8728 9415 8690 8740 8799 9638 8769 9569 9104 9620 8955 9610 9478 8710 8827 9506 9079 9586 9643 8622 9570 9669 8679 9196 9665 9120 8803 9526 8677 8756 9684 8591 8678 8592 9628 9674 9692 8636 8584 8765 9673 8730 9632 9568 8620 9712 8859 8573 8525 8796 9690 8702 9720 9730 9722 8505 8664 8801 8483 9724 8485 8648 8523 9691 8703 8455 8652 9647 9760 9758 8426 8736 9773 8551 8595 8422 8503 9732 8395 9770 9749 9729 9702 8603 9795 8391 8336 8349 9788 9781 8446 9736 9819 8363 9735 9815 9747 8443 9731 

Cluster 9:
Centroid: (54736.1, 66986)
Cities: 9771 9824 

Cluster 10:
Centroid: (49880, 56293.4)
Cities: 2565 2884 2895 2906 2928 2939 2973 2980 2994 3019 3131 3153 3244 3253 3261 3282 3283 3312 3322 3341 3352 3412 3506 3592 3617 3628 3724 3733 3747 3750 3773 3794 3795 3805 3806 3825 3838 3877 3925 3926 3935 3936 3967 3976 3988 3989 3990 4013 4032 4033 4071 4085 4111 4123 4147 4178 4179 4198 4209 4214 4246 4288 4342 4360 4361 4407 4430 4433 4456 4518 4519 4547 4565 4566 4579 4617 4634 4734 4735 4772 4780 4781 4830 4842 4843 4844 4874 4875 4891 4946 4947 5059 5065 5086 5104 5113 5131 5191 5209 5214 5229 5230 5231 5255 5296 5297 5326 5327 5328 5329 5356 5377 5384 5443 5454 5481 5523 5524 5570 5571 5602 5603 5623 5652 5654 5660 5661 5662 5697 5703 5718 5719 5741 5753 5777 5806 5825 5889 5890 5900 5901 5911 5912 5930 5940 5941 5942 5950 6005 6006 6054 6069 6088 6089 6090 6091 6113 6127 6141 6142 6143 6144 6176 6232 6246 6253 6272 6276 6285 6320 6321 6365 6366 6385 6442 6451 6478 6504 6505 6528 6578 6595 6605 6606 6670 6671 6683 6742 6755 6792 6809 6821 6831 6841 6899 

Cluster 11:
Centroid: (43293, 71276.8)
Cities: 134 470 472 480 506 507 516 520 526 528 529 534 542 550 572 576 587 597 606 610 611 616 621 622 630 631 636 640 641 642 646 654 657 658 661 662 663 666 670 671 682 683 684 690 691 692 693 704 708 709 710 711 725 726 738 739 745 749 771 777 793 794 807 808 840 854 908 957 985 1012 1035 1063 1064 1103 1114 1154 1169 1179 1189 1200 1224 1234 1255 1276 1284 1304 1321 1322 1330 1484 1525 1535 1556 1559 1588 1626 1628 1634 1639 1736 

Cluster 12:
Centroid: (50017.1, 72972.5)
Cities: 5133 5212 4919 5241 4927 4920 4832 4791 4790 5303 5343 5364 5030 5505 5302 5019 4723 4702 4865 5539 4662 5242 5512 5363 4692 4649 5132 5134 5270 4663 4961 4622 5201 5392 4771 4591 5668 5669 5432 5115 4524 5177 4661 4545 4852 4438 4789 4918 5747 4853 4477 4393 5856 4952 4394 4392 5867 5135 5531 5093 5679 4377 4767 4806 4473 5792 5092 5018 4538 5667 4424 4525 4346 4851 4356 5791 4677 4292 4526 5538 4331 5579 4472 5304 4650 4978 4527 6047 4485 4395 5279 5980 4544 4658 5979 4678 4365 4213 5240 4880 4630 4238 4151 5953 5956 4127 6184 6015 4869 4364 4391 4897 6014 4202 4093 4917 6183 6209 4464 6242 4425 5020 5478 4679 6016 4724 6296 5855 4002 4404 4275 5048 4135 4423 6152 6130 4463 6327 4345 5217 6353 4039 6458 4038 5612 6428 4264 4854 6427 6459 3868 6457 6374 3865 6210 5515 4478 5433 6536 6544 4070 6564 6326 4648 5896 5094 4722 4979 4077 6325 5651 3994 4363 6295 5793 5835 6569 4106 4462 6484 4088 4192 6609 6414 6273 6597 6310 3810 6512 4181 3719 6518 6426 5627 5920 4676 5215 5611 

Cluster 13:
Centroid: (49997.2, 73057.3)
Cities: 4621 6767 5613 6456 3993 4158 5061 4647 4590 5431 6786 6535 4390 6483 4568 4347 6827 6808 5393 4493 5028 6785 5628 6294 6836 4523 3672 6443 6636 3599 6923 4461 3697 6537 6307 5670 3704 6931 6958 6886 6975 6957 6970 4810 3992 3570 6946 7010 4484 3503 3728 3465 6903 3809 5069 6913 7087 6804 5271 3545 4437 6924 5748 3415 6929 3438 7051 3379 5486 3498 5253 4602 7144 5762 3516 3414 6997 7045 7128 7029 7207 3337 7215 7073 3309 6738 6413 6460 6861 3406 3257 6843 7198 3437 7155 7131 6548 3187 3683 3637 3657 3689 3224 7031 3138 3135 6693 3179 3231 3023 2975 2873 2825 2956 2776 

Cluster 14:
Centroid: (46701.6, 80942.4)
Cities: 2170 2303 2132 2361 2397 2387 2421 2412 2420 2089 2464 2465 2466 2455 2120 2105 2388 2440 2081 2483 2075 2433 2069 2080 2489 2070 2487 2072 2073 2062 2367 2064 2061 2508 2059 2126 2503 2533 2422 2346 2053 2529 2502 2525 2557 2494 2441 2569 2504 2043 2477 2033 2577 2473 2588 2368 2434 2024 2505 2601 2039 2031 2490 2495 2467 2398 2389 2357 2597 2023 2624 2626 2009 1994 2641 2171 1993 1978 1976 1996 2125 2666 1984 2423 2088 2085 1970 1985 1965 2068 1971 1955 2649 1975 2456 2635 2694 1936 2016 2019 1925 2672 2478 2453 2321 1935 2424 2697 2007 2413 1983 1992 1934 2006 1909 2738 2450 2751 2734 2315 1988 1924 1920 2358 1964 1915 1954 1937 2786 1912 2221 1969 2750 1897 2403 2815 2038 2804 2400 1963 2510 1922 2432 1893 2008 2826 1947 2273 2787 2650 1933 1900 2047 2589 2851 2366 2045 1885 2359 2501 1940 1896 2063 2369 2812 2110 1880 2835 1948 2805 2032 2788 2541 2330 2721 2356 2556 2785 1903 2311 2482 1870 1857 2865 1892 2749 2648 1995 1869 2568 2874 2304 2687 3008 1904 2934 3081 2943 

Cluster 15:
Centroid: (46715.3, 81192.6)
Cities: 2690 1871 3161 1819 

Cluster 16:
Centroid: (47931.8, 51814.6)
Cities: 2323 2341 2349 2354 2371 2375 2376 2377 2379 2380 2392 2405 2415 2416 2427 2428 2437 2438 2439 2445 2446 2454 2459 2460 2461 2462 2475 2476 2485 2488 2491 2496 2497 2498 2512 2515 2530 2531 2532 2534 2538 2539 2540 2543 2550 2558 2562 2584 2585 2586 2593 2609 2612 2614 2619 2621 2637 2638 2639 2647 2661 2667 2678 2685 2689 2716 2717 2728 2729 2730 2736 2769 2780 2781 2802 2810 2822 2830 2831 2838 2860 2861 2871 2872 2882 2892 2896 2897 2898 2904 2905 2913 2914 2915 2916 2924 2948 2949 2950 2951 2965 2985 3000 3027 3028 3037 3038 3039 3054 3064 3065 3076 3094 3098 3107 3120 3121 3130 3141 3142 3143 3147 3152 3168 3182 3183 3184 3196 3197 3212 3213 3222 3236 3275 3296 3297 3298 3299 3310 3332 3348 3349 3350 3351 3363 3364 3374 3390 3391 3404 3411 3433 3451 3470 3493 3552 3553 3575 3576 3587 3612 3613 

Cluster 17:
Centroid: (46145.4, 61568.3)
Cities: 1502 1540 1561 1579 1743 1774 1785 1791 1806 1825 1860 1878 1888 1895 1901 1905 1910 1916 1917 1918 1926 1927 1928 1938 1941 1942 1943 1944 1949 1950 1951 1956 1957 1966 1972 1977 1980 1981 1982 1986 1987 1989 1990 1997 1998 1999 2000 2002 2003 2011 2020 2022 2025 2026 2027 2028 2029 2030 2035 2036 2040 2041 2042 2046 2048 2049 2050 2051 2055 2056 2058 2060 2066 2067 2071 2074 2077 2082 2086 2090 2091 2093 2094 2098 2106 2112 2118 2119 2137 2138 2139 2140 2141 2182 2183 2222 2256 2257 2258 2278 2288 2289 2290 2300 2313 2318 2320 2324 2325 2332 2333 2335 2343 2347 2350 2351 2355 2365 2373 2374 2426 2435 2443 2457 2481 2492 2516 2523 2528 2552 

Cluster 18:
Centroid: (49153.6, 84815.1)
Cities: 2507 2579 2596 2603 2617 2642 2643 2644 2652 2659 2674 2684 2707 2715 2757 2796 2814 2834 2855 2877 2910 2922 2960 3071 3111 3128 3132 3133 3146 3160 3162 3229 3260 3305 3321 3323 3325 3327 3338 3358 3359 3419 3420 3422 3443 3444 3445 3446 3457 3458 3461 3464 3485 3501 3505 3524 3581 3721 3727 3730 3732 3736 3748 3751 3764 3765 3782 3784 3785 3787 3788 3797 3798 3800 3801 3812 3813 3814 3816 3818 3819 3823 3824 3827 3828 3848 3851 3870 3872 3886 3887 3888 3889 3891 3896 3898 3933 3945 3955 3973 4003 4006 4016 4017 4018 4019 4046 4049 4052 4069 4073 4074 4076 4095 4096 4114 4115 4132 4133 4160 4182 4183 4185 4189 4211 4212 4215 4231 4233 4234 4235 4237 4270 4294 4296 4297 4321 4322 4323 4324 4352 4373 4375 4376 4378 4401 4406 4429 4436 4439 4492 4494 4495 4532 4541 4546 4549 4551 4552 4576 4584 4599 4605 4626 4632 4656 4691 4694 4695 4701 4703 4730 4736 4737 4738 4760 4762 4763 4801 4804 4860 4889 4894 4898 4957 4960 5067 5141 5142 5143 5339 6241 

Cluster 19:
Centroid: (54235.4, 70902.8)
Cities: 8680 8733 8767 8780 8791 8811 8862 8904 8913 8921 8951 8963 8966 8982 8987 8990 8993 9006 9016 9024 9046 9064 9076 9078 9081 9093 9094 9106 9115 9125 9133 9136 9138 9140 9141 9145 9156 9157 9161 9183 9199 9211 9221 9223 9230 9243 9244 9255 9258 9267 9278 9290 9292 9317 9351 9359 9361 9365 9367 9372 9375 9378 9395 9401 9404 9411 9416 9417 9421 9422 9428 9430 9446 9454 9459 9465 9467 9481 9487 9491 9500 9504 9509 9513 9517 9520 9530 9531 9532 9539 9540 9541 9548 9550 9553 9554 9562 9581 9582 9590 9595 9599 9600 9601 9603 9627 9631 9634 9635 9641 9653 9659 9660 9664 9667 9668 9679 9687 9694 9695 9707 9714 9718 9725 9733 9739 9743 9753 9759 9765 9767 9777 9778 9779 9783 9791 9792 9796 9798 9803 9806 9807 9809 9810 9829 9831 9832 9840 9848 9849 9850 9853 9856 9864 9868 9870 9873 9874 9877 9878 9879 9890 9894 9896 9902 9905 9906 9908 9916 9917 9918 9919 9920 9929 9936 9940 9942 9952 9955 9962 9966 

Cluster 20:
Centroid: (49909.3, 82331.5)
Cities: 4885 4964 4802 4987 4922 4827 4933 4627 5098 5070 5139 5053 4697 4866 5062 4600 5174 4727 4758 5247 5060 5205 5248 4986 5001 4489 4863 4434 4761 5338 4491 4490 4807 5066 4988 5370 4990 5369 5376 4550 4474 4797 4687 5119 4428 4369 4994 4688 5021 4371 5071 5099 5371 4923 5246 4798 4354 4397 4963 5064 4999 5029 4580 4893 5106 4962 4255 4333 5058 5022 5550 4572 4332 5545 4267 5437 4924 4890 5140 4266 5442 5000 4277 4870 5622 5536 5052 5173 5696 5054 4884 4156 4370 4468 4985 5537 4094 4320 4129 5441 5801 4252 5535 5621 4427 5728 4530 4796 4805 5249 4570 4155 5175 4047 5368 4728 4206 4769 4207 5800 4992 4044 3954 5100 3972 4686 4799 5534 4857 4925 5924 6026 4230 4828 4689 4217 5812 4190 4625 4272 3885 6099 5675 5337 5344 5952 4290 5583 6104 5582 6052 6155 6190 5206 4265 4293 4471 6021 6214 5210 6075 5695 4091 4825 4553 4067 5923 6191 4858 4956 4108 3942 4368 3867 4268 5275 3780 6098 4273 5618 4984 6118 4398 5624 5802 6384 4759 6122 5314 4569 3708 3693 6391 6336 4253 4068 4488 5438 

Cluster 21:
Centroid: (49830.5, 82326.9)
Cities: 4043 3692 4128 6248 3670 6462 3694 6154 6100 3691 6332 4469 6020 6383 5051 6301 6056 6355 4186 3884 5922 3995 4624 3669 4690 3959 6386 6337 4826 5367 5751 6440 3652 3620 6189 4066 5674 4502 3566 5619 3659 4090 3941 6382 6106 6441 6339 4595 4109 4399 5510 3500 6393 6267 4319 4731 5694 3699 4859 5984 4042 5584 5588 6153 4531 4269 3403 3846 6430 3399 6489 4251 6338 3417 6406 6439 6410 4113 3367 3598 3398 6486 6434 4045 4291 5207 4402 3455 5865 5620 4351 4800 6022 5947 6268 4403 5754 3290 3668 3287 3847 3821 3538 3447 5401 5055 6215 3286 6463 5925 6156 5250 6216 6157 6053 6240 3483 3427 5948 3546 3073 3079 3274 

Cluster 22:
Centroid: (49735.9, 49305.4)
Cities: 4601 4575 4670 4664 4537 4476 4743 4358 4450 4770 4506 4307 4610 4449 4571 4938 4284 4285 4431 4707 4276 4413 4996 5005 4896 5056 4887 4257 4638 4172 4117 4533 4939 4765 4505 5105 4507 5075 4995 4141 4777 4218 4871 5152 4903 5027 4168 4508 4778 5153 4286 5260 4061 4283 5312 4051 4062 4195 4448 5004 4708 4256 4029 3996 5286 3964 4776 5259 4355 5348 4412 4926 4330 4110 4282 4904 5035 4380 4542 3922 4082 5223 4374 3901 4101 3912 4328 4447 4210 4509 5555 5541 4196 4639 3871 3902 5414 4559 5591 4669 4831 4327 5374 5310 4118 5518 4131 5484 4446 4534 4173 4224 4379 5683 3978 5213 4732 5632 3917 5556 4706 5678 5003 4445 3900 5682 4811 3759 5276 4479 3974 5631 4451 4336 4496 4660 4008 5818 4558 5490 4216 4628 4223 3711 5681 4007 4500 4902 4306 5409 5630 5842 4060 4744 3723 5554 4100 4872 3849 5804 3914 3903 3685 4965 3684 4281 5874 3845 5321 3977 4705 3803 3857 5961 3779 5677 4059 4381 3943 3986 5878 3753 5656 5935 4574 5553 4142 3712 4335 3630 5557 5680 4609 5735 4668 3722 4504 5960 

Cluster 23:
Centroid: (49757, 49418.8)
Cities: 4337 3642 5951 3661 5841 4709 3987 4813 4667 3985 4742 6032 6128 5036 3761 3631 4745 5261 4665 3632 5415 3585 4510 5763 4414 3608 6027 5595 3529 6031 6166 3856 4557 4704 4596 4099 3514 4577 6167 5006 6000 3513 3674 3662 3512 4258 6161 3713 4116 6275 6277 3643 6306 3686 6247 3763 3965 5934 3528 5996 4608 3469 4583 3432 6162 6304 6078 5449 6165 4143 3511 4271 3609 6311 3607 5154 4140 5959 3663 6057 6419 3389 4305 6168 4329 6465 6418 4308 5491 6446 4814 4586 6487 3573 5736 6121 6243 5843 3450 3347 5633 3468 3606 6305 6496 4009 4803 3527 6196 3492 3831 6438 6497 6639 3409 3610 3294 3251 6618 3739 6490 3235 6660 6619 6685 3195 6702 3281 6745 3221 6770 3140 6851 3211 6870 3119 6871 3295 3085 6893 3063 3096 3097 

Cluster 24:
Centroid: (44865.4, 65120.2)
Cities: 357 1397 1430 1442 1447 1456 1469 1474 1489 1497 1498 1504 1508 1513 1518 1529 1530 1533 1544 1545 1546 1550 1551 1557 1558 1562 1563 1567 1570 1571 1572 1573 1574 1575 1576 1577 1578 1580 1581 1582 1583 1584 1587 1589 1591 1592 1593 1594 1597 1599 1600 1601 1603 1605 1606 1607 1608 1612 1613 1614 1616 1617 1620 1622 1623 1625 1629 1630 1631 1632 1633 1641 1642 1643 1644 1645 1648 1649 1650 1651 1652 1653 1654 1655 1660 1661 1662 1663 1664 1665 1666 1669 1670 1671 1672 1674 1675 1677 1678 1679 1684 1685 1690 1691 1694 1695 1696 1697 1702 1704 1705 1710 1712 1714 1719 1720 1721 1723 1724 1725 1726 1727 1733 1734 1735 1740 1744 1745 1746 1747 1754 1756 1757 1758 1759 1764 1770 1771 1775 1776 1777 1792 1793 1794 1795 1807 1808 1813 1821 1822 1832 1839 1887 1889 1890 1898 1973 2272 

Cluster 25:
Centroid: (43426.5, 77083.4)
Cities: 1049 1059 1030 1050 1047 1075 1025 1048 996 1015 992 1105 991 1107 975 999 1016 977 959 955 1122 1045 978 1144 1054 1158 1135 963 1044 990 924 951 925 1167 980 919 1010 1161 1027 976 891 960 989 915 956 1066 1013 888 887 889 945 876 1196 901 979 1123 971 917 1199 1081 1109 1141 884 988 981 1208 1215 922 872 916 885 863 1212 1097 895 1226 1229 1017 1001 1166 930 913 1231 948 845 899 1042 928 1088 802 844 815 1043 1239 902 864 946 1223 1128 921 859 811 1227 947 896 914 1046 874 857 861 781 824 1067 789 846 784 918 927 950 830 780 1036 998 1278 1098 850 1026 787 816 810 796 828 774 804 849 923 783 764 800 843 944 1303 1295 826 785 1145 773 803 801 779 987 689 1297 929 938 894 772 1076 694 869 958 949 820 1136 1170 1108 937 974 1344 1293 892 997 920 1082 797 1230 1078 1080 1022 770 1340 1325 786 1137 1099 1090 1261 873 1369 1316 1086 1058 847 660 1068 1309 1056 962 

Cluster 26:
Centroid: (43634.6, 77109.8)
Cities: 993 754 972 848 1110 1146 1427 842 1057 1172 819 926 1435 1069 1305 1120 1443 788 1342 1070 939 1157 798 747 1142 813 1000 1005 1490 1235 893 1055 1071 1129 1083 1378 734 1174 1486 1406 862 1191 1359 763 1236 1023 1116 1130 1006 1376 720 1209 1149 1532 713 1100 687 1243 705 1101 762 825 1244 1168 1552 1294 1084 911 741 1560 1375 1619 1635 

Cluster 27:
Centroid: (50985.3, 51097.4)
Cities: 6776 6815 6731 6700 6848 6665 6732 6602 6892 6623 6777 6573 6939 6649 6526 6689 6500 7002 6747 6474 7093 7024 6816 6622 6664 6853 6420 6525 6895 7092 6501 7094 7104 6730 6394 7135 6473 6396 7095 7078 6360 6775 6601 7148 6315 7091 6316 7201 6663 7020 6774 6279 6984 6995 7077 6553 7064 6874 7220 7202 7019 6343 7239 6574 7149 6228 7240 6600 6854 7200 7241 6200 7257 6896 6704 6201 6472 7001 7219 6448 7288 7136 6624 6135 6314 7258 6227 6690 7323 6524 6648 7178 7322 6433 6572 6873 6983 6199 7199 6055 7221 6226 7065 7137 7335 7242 6447 7233 6280 6003 6313 7147 7321 6359 6134 6703 6940 6109 6198 6317 6799 6814 6361 6982 5937 6502 7271 7347 6202 7324 6523 6136 7325 6733 5907 5908 7431 5882 6061 7286 6225 7150 7430 7448 6358 5936 7446 6688 6571 7301 7360 6552 6133 7066 7359 6748 6395 7320 5965 7000 6499 6278 5847 5964 6796 6778 6813 6060 6171 6687 6650 7270 6250 7513 7336 7179 5764 5846 6915 7374 6855 7480 6281 6981 6357 5820 6197 7180 6705 6812 7109 6170 7067 5963 6282 6916 6397 7447 

Cluster 28:
Centroid: (51027.8, 51232)
Cities: 7238 5709 5845 7319 7397 6229 7529 7203 5881 6172 6475 7407 5708 7151 6249 5880 6002 6498 6059 6985 6132 7429 7413 6734 6527 6389 7222 7134 6938 6080 6621 5879 7034 6647 7063 7181 6589 5738 7326 6773 6001 6570 6937 7361 6554 6224 7449 7279 7223 6817 6471 5819 5635 7398 6625 6962 6169 5962 6772 6746 7050 6312 5844 6795 6869 6666 6686 5657 7514 5707 6308 6599 5634 7018 6223 6362 6283 7291 7481 7252 6872 6058 5737 7121 7369 6079 6575 6131 7489 6749 6894 5596 7204 7421 6449 7296 6222 6914 7501 7302 7032 6917 6620 6866 6555 7205 6936 6994 7293 6723 6550 7110 7482 6829 6626 7008 7509 7391 6769 7254 7251 6798 6868 7543 6897 7408 7111 7512 6852 7530 7313 7218 7432 7411 

Cluster 29:
Centroid: (50121.1, 58366.8)
Cities: 5234 5235 5358 5233 5424 5192 5445 4949 4972 4913 5585 5526 4845 5497 4948 5572 5072 5689 5087 4782 5688 5357 5720 4619 5868 5778 5542 5826 5811 4739 5973 5972 5527 4470 4783 6007 5990 5971 5974 6041 4876 5913 6123 5315 6145 6206 4188 6040 4148 6233 4149 6039 5641 6302 4092 4086 6255 6333 5043 5779 5525 4993 4063 5012 5891 6218 6254 4895 5653 3949 5232 3968 3957 6509 6529 5345 5425 6546 5803 6508 6507 6029 4457 5780 3879 6367 6178 5704 5385 6008 6092 4751 3905 5781 3930 4864 3840 6631 4261 6415 6579 6437 6179 5892 3991 6630 6093 6422 6644 3786 4973 6220 4971 3766 6207 6711 3754 3839 6710 4422 5975 6682 6756 6286 4254 5330 6793 6616 6177 5604 3703 5498 6781 6368 5178 4618 6094 6811 3822 5687 4929 3878 4764 6646 6102 4247 3746 3937 4362 6479 6832 5698 4161 3892 5742 6974 5782 6607 6900 6875 6506 5783 3602 5386 3737 5690 6943 6942 6346 3463 5387 6129 5251 6219 5193 5893 4877 5194 5699 5455 3413 3405 5784 3333 3394 3366 3300 6768 6042 3342 3241 4674 5472 5426 5853 3262 5605 3254 

Cluster 30:
Centroid: (48402.4, 57866.2)
Cities: 3237 3393 3149 3154 3185 3207 3087 3068 3004 2712 

Cluster 31:
Centroid: (49812.1, 75609.7)
Cities: 2886 2893 2942 2957 2958 2959 2976 2979 2989 3049 3050 3051 3055 3078 3092 3104 3126 3163 3188 3189 3230 3258 3397 3423 3439 3459 3499 3569 3623 3665 3666 3678 3729 3742 3743 3756 3777 3783 3796 3882 3909 3928 3953 3979 4000 4040 4072 4075 4107 4152 4164 4165 4203 4204 4227 4228 4249 4314 4315 4326 4348 4465 4466 4486 4498 4499 4501 4528 4536 4548 4592 4593 4651 4652 4653 4680 4693 4792 4793 4794 4821 4822 4855 4861 4881 4886 4921 4958 5095 5122 5136 5137 5138 5169 5170 5202 5272 5305 5334 5347 5365 5366 5394 5395 5403 5464 5506 5671 5693 5724 5725 5794 5795 5857 5858 5859 5897 5981 5994 6017 6048 6116 6120 6211 6261 6269 6297 6375 6376 6377 6378 6379 6412 6417 6513 6519 6520 6521 6538 6678 6694 6695 6743 6787 6810 6837 6857 6947 6971 6976 6978 6993 7046 7082 7105 7132 7172 7275 7307 

Cluster 32:
Centroid: (49186.7, 63404.5)
Cities: 2553 2554 2566 2574 2580 2599 2606 2629 2630 2632 2660 2703 2764 2880 2940 2954 3006 3011 3256 3285 3302 3324 3335 3339 3355 3396 3436 3475 3476 3477 3488 3504 3523 3532 3533 3542 3561 3562 3563 3582 3593 3594 3595 3650 3687 3715 3725 3749 3774 3775 3807 3820 3842 3864 3890 3895 3907 3916 3931 3938 3944 3946 3950 3951 3952 3969 3970 3999 4035 4036 4053 4087 4124 4125 4126 4157 4180 4187 4191 4199 4263 4313 4372 4388 4389 4400 4459 4475 4535 4573 4581 4598 4629 4644 4645 4657 4659 4675 4696 4698 4700 4720 4753 4766 4784 4785 4786 4808 4818 4819 4867 4951 4974 5045 5046 5101 5161 5162 5236 5282 5372 5999 6221 6322 6480 

Cluster 33:
Centroid: (53098.4, 76101.9)
Cities: 8581 8597 8650 8653 8645 8560 8604 8538 8684 8533 8602 8608 8694 8508 8606 8526 8638 8459 8400 8770 8500 8647 8815 8716 8583 8659 8695 8795 8764 8482 8334 8828 8861 8879 8451 8330 8900 8550 8766 8902 8842 8877 8707 8711 8737 8403 8838 8839 8840 8887 8378 8746 8932 8753 8967 8486 8792 8524 8948 8774 8772 8316 8994 8463 8320 8131 8301 8860 8285 9023 8450 8798 9072 8885 8958 8893 8615 8755 8261 8364 8082 9108 8856 8383 8355 9048 8021 8950 8899 9177 8785 8206 9088 9029 8918 8203 8312 8002 8872 8293 9146 9217 9222 8945 7962 8175 8959 9191 8252 9246 9227 8237 8323 7927 8896 8174 8972 8834 8117 9304 9058 9306 9021 8605 8977 8452 9158 8933 7887 9160 8060 8416 9250 9033 9194 8522 7976 9377 9357 8646 7860 8510 9265 8484 8176 7848 8845 9257 8514 8061 7839 7917 7993 7884 8644 8708 9061 9429 8672 9147 9240 7861 7820 8012 9358 9026 9324 9414 9005 7828 9448 8072 9289 9476 9190 9099 9439 7769 7981 9489 9369 9385 8044 8544 9110 8262 8040 8874 7735 7838 7849 9066 7940 9073 7720 9276 7901 8931 

Cluster 34:
Centroid: (52824.8, 75852.7)
Cities: 8162 7941 8773 8399 9173 9149 9455 8683 8013 8284 9542 7798 8030 8173 8062 9117 8177 8393 9528 9031 8389 7891 7693 9168 8577 9004 7643 7642 7939 8722 9092 8983 7648 8535 7772 9181 9203 7566 7604 9615 9572 9591 8831 7605 8689 8564 8555 7623 8478 8658 8892 8665 7567 8543 8998 8372 9604 9629 7522 8891 9103 7807 7349 7340 8901 7938 8991 7317 7603 8943 9059 7740 7401 7455 7556 

Cluster 35:
Centroid: (46097.2, 74569.1)
Cities: 1687 1706 1707 1715 1717 1718 1728 1732 1737 1739 1748 1749 1761 1786 1796 1801 1802 1814 1830 1833 1834 1835 1838 1840 1843 1844 1845 1848 1851 1852 1853 1859 1861 1862 1873 1874 1883 1929 1930 1958 1967 1979 2001 2004 2005 2012 2013 2014 2015 2018 2057 2078 2097 2113 2114 2142 2156 2259 2291 2292 2316 2326 2327 2331 2336 2338 2372 2384 2390 2396 2449 2486 2555 2567 2576 2607 2622 2623 2634 2665 2669 2704 2705 2710 2841 2864 

Cluster 36:
Centroid: (52915.3, 62028.7)
Cities: 7476 7576 7597 7620 7634 7649 7668 7687 7733 7746 7757 7773 7784 7803 7814 7824 7832 7852 7864 7868 7882 7890 7904 7907 7913 7920 7931 7933 7947 7957 7960 7985 7986 7996 7998 7999 8003 8006 8017 8018 8031 8032 8054 8055 8066 8067 8075 8088 8099 8107 8108 8109 8110 8127 8138 8139 8140 8141 8167 8181 8182 8192 8198 8217 8218 8226 8257 8265 8267 8268 8269 8272 8289 8295 8297 8298 8308 8309 8335 8345 8368 8397 8414 8418 8425 8427 8428 8447 8449 8456 8457 8461 8469 8470 8471 8480 8481 8487 8488 8489 8494 8512 8515 8516 8530 8539 8557 8567 8627 8639 8666 8713 8717 8718 8727 8787 8788 8829 8847 8848 8864 8865 8881 8905 8922 8956 8968 8976 8980 9012 9052 9053 9057 9065 9069 9075 9083 9096 9100 9121 9142 9143 9154 9164 9165 9169 9174 9180 9186 9207 9218 9229 9231 9232 9251 9252 9261 9287 9294 9295 9296 9307 9310 9313 9315 9318 9341 9342 9344 9363 9389 9424 9425 9435 9436 9452 9470 

Cluster 37:
Centroid: (42713.5, 69794.9)
Cities: 561 518 512 614 504 495 511 489 537 490 596 476 482 483 473 503 484 496 497 656 669 680 603 456 681 455 619 502 462 485 468 457 609 454 491 444 523 620 441 604 595 524 602 435 498 605 525 434 703 431 460 436 723 737 429 428 759 501 775 510 505 486 427 668 494 418 432 477 421 426 415 821 414 579 650 413 416 513 419 639 425 571 422 500 638 430 403 423 487 398 448 519 450 440 478 567 564 390 406 541 493 580 557 404 407 588 447 391 492 443 618 464 382 392 760 383 499 479 549 839 736 420 967 405 581 399 377 792 424 984 408 568 384 458 385 393 1004 907 378 396 481 968 724 379 400 451 409 475 702 401 538 531 548 578 463 437 394 467 860 935 417 1096 806 544 449 545 536 601 466 1126 410 532 761 469 838 514 627 1113 1020 395 882 814 637 881 853 776 837 488 1205 1188 1153 1206 1233 1125 1237 866 1249 1112 

Cluster 38:
Centroid: (43608.6, 69250.6)
Cities: 1256 1253 1264 966 560 566 1263 594 1152 1247 1283 1308 1610 

Cluster 39:
Centroid: (52740.8, 73054)
Cities: 7260 7265 7274 7280 7339 7367 7373 7396 7405 7417 7435 7436 7437 7444 7472 7475 7487 7492 7540 7545 7552 7555 7559 7565 7596 7602 7615 7633 7650 7653 7655 7665 7684 7692 7697 7717 7718 7719 7771 7785 7797 7827 7837 7847 7858 7859 7877 7898 7899 7900 7915 7916 7926 7937 7954 7955 7992 8039 8042 8102 8116 8123 8135 8152 8153 8159 8160 8161 8202 8245 8251 8277 8283 8296 8300 8319 8321 8332 8341 8351 8352 8362 8366 8380 8382 8384 8387 8388 8394 8408 8409 8421 8423 8445 8465 8466 8467 8491 8493 8528 8537 8558 8559 8569 8570 8576 8593 8596 8635 8651 8669 8670 8671 8681 8686 8688 8692 8699 8709 8750 8812 8821 8822 8855 8884 8907 8917 8925 8926 8928 8939 8953 8971 8973 9013 9017 9022 9030 9036 9037 9063 9068 9105 9119 9166 9179 9182 9184 9212 9247 9260 9262 9264 9283 9301 9316 9323 9348 9349 9354 9355 9360 9376 9381 9397 9400 9406 9407 9408 9426 9438 

Cluster 40:
Centroid: (48718.9, 70742)
Cities: 2044 2314 2479 2500 2527 2600 2696 2748 2827 2853 2866 2907 3010 3042 3048 3072 3093 3100 3156 3157 3170 3209 3219 3220 3233 3279 3292 3328 3336 3340 3356 3377 3378 3454 3479 3480 3535 3544 3548 3619 3677 3688 3776 3808 3817 3843 3913 3927 3939 3971 4048 4162 4201 4208 4248 4344 4460 4497 4522 4604 4620 4721 4754 4788 

Cluster 41:
Centroid: (41766.8, 69344.1)
Cities: 114 143 146 147 148 149 150 159 162 163 166 167 173 176 177 178 180 182 183 186 187 190 191 195 196 197 198 200 201 202 203 204 205 206 207 208 209 211 213 216 218 220 221 225 227 228 231 232 233 234 235 236 240 241 242 243 244 245 247 250 251 252 253 255 256 257 258 259 260 261 263 264 265 266 268 270 271 272 273 274 275 276 277 279 281 282 283 284 285 286 287 288 289 290 292 293 295 297 298 299 300 301 302 303 304 305 306 307 308 309 310 311 312 313 314 315 316 317 318 319 320 321 322 323 324 325 328 329 331 332 333 334 335 336 337 338 339 340 341 343 344 345 346 347 348 349 350 351 352 353 354 355 356 358 359 360 361 362 363 367 368 371 372 373 374 375 381 386 388 389 397 412 433 439 445 446 452 453 471 509 

Cluster 42:
Centroid: (47527.9, 54668.1)
Cities: 1688 1742 1784 1805 1829 1831 1872 1877 1886 2017 2021 2034 2054 2065 2076 2100 2101 2111 2121 2124 2155 2271 2275 2298 2299 2305 2308 2310 2317 2329 2337 2344 2345 2378 2381 2382 2393 2394 2395 2401 2402 2406 2409 2410 2411 2417 2418 2429 2430 2431 2436 2444 2447 2452 2463 2470 2480 2493 2519 2521 2536 2544 2551 2563 2564 2572 2587 2604 2615 2653 2662 2663 2671 2679 2692 2700 2701 2718 2723 2766 2770 2782 2783 2793 2803 2816 2823 2824 2862 2863 2879 2883 2894 2901 2917 2927 2933 2938 2945 2952 2953 2966 2972 2986 2993 3001 3002 3003 3018 3029 3030 3040 3045 3058 3066 3067 3077 3086 3122 3123 3124 3125 3134 3144 3169 3198 3203 3214 3252 3311 3365 3434 3473 3495 3522 3557 3558 3571 3577 3591 3616 3625 3648 3649 3709 

Cluster 43:
Centroid: (44118.3, 51780.4)
Cities: 369 465 517 552 589 748 755 790 791 832 865 877 890 931 1029 1060 1147 1148 1177 1216 1252 1270 1274 1282 1287 1300 1327 1362 1363 1371 1392 1395 1396 1404 1409 1410 1416 1424 1440 1441 1451 1452 1455 1462 1467 1468 1472 1482 1501 1506 1507 1509 1511 1512 1517 1523 1524 1528 1538 1539 1542 1543 1549 1586 1590 1596 1604 1611 1624 1640 1667 1689 1741 1773 1800 1812 1850 

Cluster 44:
Centroid: (48231.1, 60304.3)
Cities: 2092 2116 2309 2342 2364 2419 2448 2451 2458 2471 2472 2499 2522 2535 2545 2546 2573 2592 2594 2605 2610 2616 2625 2654 2664 2668 2680 2686 2698 2702 2713 2731 2737 2745 2885 2918 2946 2974 2987 2991 3005 3031 3080 3082 3088 3089 3099 3108 3137 3145 3155 3175 3176 3177 3178 3199 3215 3216 3255 3267 3284 3291 3301 3313 3334 3353 3354 3361 3369 3370 3375 3395 3435 3453 3474 3515 3559 3560 3636 3640 3664 3710 3731 3755 3841 3863 3880 3881 3906 3997 4014 4034 4262 4768 

Cluster 45:
Centroid: (50973.3, 71097.4)
Cities: 6760 6761 6840 6803 6783 6737 6885 6845 6879 6719 6951 6692 6592 6922 6966 6887 6352 6953 6388 6967 6454 6425 6822 6323 6784 7062 7090 6718 6260 6402 7100 6293 6762 6235 6567 6674 7107 7117 6615 7088 6675 7146 6403 6945 7141 6151 6182 7044 7170 6234 7017 7188 7193 6455 7122 6404 6847 6150 6587 6405 6390 6324 6432 7015 5993 7174 7162 7236 6641 6096 6373 6586 6163 7145 6401 6763 6115 7189 6095 7004 6270 6194 6608 6103 7295 7225 7196 6959 6271 6991 7331 6849 7269 7363 6980 5998 7379 6635 6956 7163 6562 6968 5854 5838 5988 7177 6598 7124 6585 5978 6823 7356 6351 6563 6930 7354 5578 6584 6533 7103 5840 5760 7130 5977 7519 7474 7526 7154 7486 5790 5626 5645 7520 7076 6889 7281 5729 7548 7534 5408 6046 6181 5666 7527 7127 7497 7572 5362 5391 7059 7069 7264 5551 6805 7400 7581 7616 6676 5530 7600 5589 7613 7592 6453 5746 5477 5483 6992 7342 5333 7521 5406 6511 7601 7672 5239 6517 5439 6764 7490 7167 6160 5430 5167 7120 5200 7627 5301 7425 7699 7683 7583 5166 6634 7691 6911 6583 6828 

Cluster 46:
Centroid: (50884.6, 70917.8)
Cities: 5309 7685 7524 7705 7268 6259 7101 7143 5165 5269 5544 7176 7741 6654 5017 6493 7749 5219 7016 5168 7582 6258 4976 7563 7169 5123 4931 7595 5164 5701 7796 6806 5107 4914 7584 7809 6257 7070 6431 4915 7731 4977 5592 7810 4932 4878 7544 6164 5814 7819 4850 7187 7387 6534 5091 4879 5745 6725 7776 7142 6645 4849 7786 5023 5278 6217 7106 6677 6802 6013 7715 6591 7197 6801 7857 4975 6878 5655 6825 7237 7054 7168 4916 6765 7911 6192 7564 5872 6012 6582 7454 4998 5016 6969 6356 6999 7461 6990 7866 6928 7226 7194 7043 6149 6877 7727 7716 8001 5761 6256 5805 7214 6408 5610 5665 5992 6024 5789 5945 5513 5987 5700 

Cluster 47:
Centroid: (45275.1, 78639.3)
Cities: 1418 1436 1465 1473 1476 1487 1491 1492 1493 1494 1495 1503 1505 1510 1514 1515 1516 1519 1520 1521 1522 1526 1527 1536 1537 1541 1547 1553 1554 1555 1564 1565 1566 1568 1585 1598 1609 1627 1636 1637 1638 1646 1647 1656 1657 1658 1659 1668 1673 1676 1680 1681 1682 1683 1686 1692 1698 1699 1700 1701 1703 1708 1709 1711 1713 1716 1722 1729 1730 1731 1738 1750 1751 1752 1753 1755 1760 1762 1763 1765 1766 1767 1768 1769 1772 1778 1779 1780 1781 1782 1783 1787 1788 1789 1797 1798 1803 1804 1809 1810 1811 1815 1816 1817 1818 1820 1823 1826 1827 1828 1836 1837 1841 1842 1846 1847 1849 1854 1855 1856 1858 1863 1864 1865 1866 1867 1868 1875 1876 1879 1881 1882 1884 1891 1894 1899 1902 1906 1907 1908 1911 1913 1914 1919 1921 1923 1931 1932 1939 1945 1946 1952 1953 1959 1960 1961 1962 1968 1974 1991 2010 2037 2052 2079 2083 2084 2087 2095 2096 2099 2102 2103 2104 2107 2108 2109 2115 2122 2123 2143 2169 2174 2184 2198 2199 2244 2293 

Cluster 48:
Centroid: (48095.3, 83345.7)
Cities: 2274 2277 2352 2370 2399 2404 2414 2425 2442 2468 2469 2484 2506 2517 2518 2526 2542 2548 2559 2560 2561 2578 2590 2591 2595 2602 2611 2618 2627 2628 2631 2636 2651 2655 2656 2657 2658 2670 2673 2681 2682 2683 2688 2695 2706 2709 2714 2722 2733 2739 2740 2742 2752 2753 2754 2755 2756 2763 2767 2771 2772 2774 2775 2789 2790 2794 2795 2806 2807 2813 2832 2833 2852 2875 2876 2899 2900 2908 2909 2930 2931 2977 2990 2992 3009 3021 3022 3033 3083 3110 3158 3159 3165 3180 3218 3226 3227 3228 3232 3240 3245 3259 3270 3271 3272 3278 3288 3289 3304 3315 3316 3317 3318 3319 3320 3357 3368 3382 3429 3440 3441 3442 3456 3484 3487 3508 3517 3518 3539 3543 3567 3580 3621 3622 3639 3671 3673 3695 3718 3726 3735 3744 3760 3844 

Cluster 49:
Centroid: (43664.5, 67824.6)
Cities: 1197 1238 1214 1213 1173 1171 1181 1160 1140 1202 1269 1093 1310 1260 1311 1052 1139 1164 1182 1280 1301 1314 1306 1246 1341 1002 1119 1178 1165 1317 1092 1353 961 1033 1273 952 1176 905 1138 1241 1186 1286 1163 1032 1198 1225 964 878 1091 904 1203 1094 1159 1326 1031 1324 834 1373 835 1387 1381 1358 1018 1211 879 1354 833 805 1413 1240 1185 1184 1201 1349 1355 1079 1382 1432 756 1352 906 1350 836 817 1217 932 1335 1204 1272 1258 732 1187 1062 1296 1251 965 735 707 1312 1288 933 701 1262 982 1117 1348 1478 1019 1259 1475 1034 1279 1315 1337 1333 1087 1383 953 655 1319 1289 852 1267 1307 880 1089 1320 1338 645 1389 1328 1499 1095 1329 1343 1281 629 1298 1367 983 1414 1380 593 757 1346 1433 1248 934 758 1299 565 1366 608 553 577 590 1003 1365 554 1271 1531 1364 1118 1275 574 535 555 563 1379 1111 556 1420 1313 1232 547 521 527 1534 1399 522 1218 1318 1602 1426 1412 1386 1372 1411 1398 530 1385 1483 461 1448 1431 1425 1336 1347 

Cluster 50:
Centroid: (44594.2, 68138.3)
Cities: 1419 1595 1470 1790 474 1799 1615 1824 1621 1618 

Cluster 51:
Centroid: (53940.7, 68378.5)
Cities: 9410 9420 9303 9319 9444 9403 9271 9280 9510 9272 9492 9214 9327 9460 9210 9522 9228 9308 9515 9274 9238 9139 9205 9451 9443 9573 9580 9333 9514 9148 9593 9472 9564 9398 9051 9602 9114 9356 9445 9049 9567 9320 9266 9630 9624 9574 9597 9302 9644 9188 9547 9040 9490 9503 9197 9621 9594 9382 9328 9521 9032 8997 9077 9662 8988 9525 9091 9645 9571 9353 9268 8954 9132 9670 9606 9656 9652 9285 9626 8970 9666 9456 9675 9579 9386 9545 9484 9639 9693 9171 9671 9688 9705 9263 9529 8944 9458 8920 9560 9025 9336 8870 8975 9127 9686 9368 9507 9701 9204 9544 9678 8965 9646 9726 9305 9028 9449 9011 8858 8873 8844 9330 9648 8832 9067 9721 9738 9605 9172 8946 9706 9152 9393 8897 9286 8823 8871 8914 9763 9010 8836 9766 8797 9740 8818 8880 9768 9784 9785 8895 8974 9658 9677 8837 9118 9625 8819 9789 9734 9015 9799 8729 8714 8833 9808 9813 8786 9224 9719 8876 8725 8754 9095 8662 9830 9827 8742 8782 9680 8813 8723 8663 8890 8691 9762 8738 9826 8857 9812 8784 9060 9821 8624 8687 9855 8640 9764 9761 

Cluster 52:
Centroid: (54066.3, 68288)
Cities: 8941 8637 9861 9872 9742 9801 9020 8601 9811 8566 9898 9782 8625 8547 9891 8529 9039 8590 8546 9800 9880 8552 9921 9836 9933 9941 

Cluster 53:
Centroid: (50658.3, 61491.8)
Cities: 4289 4387 4458 4520 4603 4643 4719 4752 4846 4847 4935 4950 4997 5013 5025 5044 5088 5089 5090 5114 5159 5160 5195 5196 5197 5198 5254 5267 5268 5281 5298 5331 5359 5388 5389 5427 5428 5440 5456 5457 5458 5473 5474 5475 5476 5499 5540 5573 5574 5575 5606 5607 5642 5663 5664 5721 5722 5743 5744 5752 5759 5785 5786 5787 5894 5895 5905 5914 5915 5916 5917 5943 5944 5949 5954 5955 5986 6009 6010 6011 6025 6043 6044 6070 6071 6101 6114 6146 6158 6287 6288 6289 6290 6291 6303 6347 6348 6349 6369 6370 6371 6372 6423 6424 6452 6492 6566 6580 6661 6681 6712 6713 6714 6771 6833 6856 6891 6901 7097 7098 7114 7152 7195 7292 7294 7304 7328 7375 7376 7389 7450 7451 7464 7465 7466 7477 7515 7525 7541 7551 7560 7591 7598 7637 7638 7656 7657 7658 7670 7677 7678 7736 7737 7782 7842 

Cluster 54:
Centroid: (54645.4, 69423)
Cities: 9723 9713 9737 9704 9750 9787 9689 9802 9728 9711 9814 9775 9780 9820 9839 9703 9772 9842 9700 9835 9651 9754 9862 9683 9642 9818 9616 9845 9863 9858 9790 9871 9875 9822 9751 9869 9672 9838 9817 9699 9833 9854 9804 9846 9623 9805 9841 9698 9828 9885 9897 9892 9834 9900 9559 9912 9794 9865 9637 9883 9884 9857 9657 9584 9893 9793 9524 9533 9910 9786 9546 9676 9575 9887 9923 9928 9851 9843 9498 9583 9769 9909 9816 9931 9895 9881 9922 9471 9748 9473 9950 9844 9938 9946 9488 9944 9752 9640 9889 9741 9661 9708 9957 9958 9512 9576 9497 9907 9613 9427 9774 9876 9746 9911 9930 9963 9823 9927 9461 9954 9860 9441 9852 9797 9384 9394 9715 9859 9866 9969 9959 9776 9433 9961 9960 9899 9744 9523 9971 9383 9380 9837 9913 9903 9948 9970 9516 9847 9388 9329 9757 9337 9314 9596 9974 9462 9965 9373 9914 9413 9934 9904 9967 9293 9951 9925 9311 9273 9939 9269 9973 9508 9975 9945 9281 9379 9339 9968 9937 9956 9277 9882 9215 9867 9888 9291 9432 9825 9193 9225 9335 9275 9901 9915 9964 9282 9953 9206 

Cluster 55:
Centroid: (54375.9, 69476.2)
Cities: 9189 9926 9159 9976 9176 9151 9128 9886 9137 9972 9943 9202 9116 9949 9935 9932 9074 9924 9947 9045 9038 

Cluster 56:
Centroid: (48804.7, 66966.1)
Cities: 2328 2383 2524 2547 2570 2575 2613 2640 2645 2691 2708 2719 2746 2747 2760 2762 2773 2797 2811 2887 2890 2919 2920 2929 2941 2955 2962 2967 2988 3046 3047 3069 3070 3090 3091 3186 3200 3201 3202 3217 3223 3238 3307 3376 3400 3402 3478 3496 3497 3525 3534 3547 3578 3596 3618 3627 3658 3696 3745 3826 3908 3915 3958 4001 4005 4037 4105 4150 4166 4200 4219 4232 4236 4343 4521 4567 4582 4646 4699 4820 4989 5102 5332 5340 5462 5485 5487 5504 5511 5528 5549 5625 5807 

Cluster 57:
Centroid: (50350.1, 80306.2)
Cities: 5726 5730 5581 5755 5758 5797 5798 5796 5648 5836 5839 5829 5870 5871 5862 5903 5436 5873 5863 5830 5756 5932 5899 5876 5928 5399 5898 5410 5480 5749 5902 5400 5306 5435 5983 5927 5813 5336 5957 5808 6019 5533 6188 6050 5274 5946 6213 6193 5096 5831 5479 5989 5799 5172 5273 6265 5509 6049 4953 6238 6334 4883 5117 5398 5050 5616 6444 5864 6354 6466 6299 6030 5171 4824 6435 6491 6329 5750 6551 5647 4685 5097 6341 6522 5615 5283 6594 5244 4594 6328 5702 5434 4954 6590 6515 6568 6340 6028 6495 6387 5580 4655 4631 5461 6543 5204 5590 6074 6643 4654 5397 5921 5832 6239 4366 5834 6237 6593 6469 6330 6613 5068 5614 6073 6335 4729 5508 5837 4726 6411 6125 4955 5257 4795 6407 4318 4250 4684 4317 6790 6726 5245 6907 6187 5861 4154 6617 5617 4982 4274 6186 6077 4426 4981 6565 4097 5833 5063 5828 4755 6392 5727 4756 6300 4983 6264 7012 4856 5460 6051 6884 6642 5118 5203 4467 6680 4529 6018 6860 6794 6117 6973 5860 6656 4367 6909 6960 6638 4041 5673 5646 5507 6846 5459 4325 5731 7061 5447 

Cluster 58:
Centroid: (50129.4, 80251.6)
Cities: 6542 6461 6888 6309 4757 6108 7049 6867 7129 6722 7014 5049 6727 6245 6485 6549 6862 6961 6614 5335 6266 5672 7048 6185 6996 4229 3852 6381 6331 6662 6883 6612 3734 5146 3940 6244 3883 6072 6541 6342 6701 3681 3682 6699 6741 6729 4882 6298 6212 3758 3579 3707 3521 3717 3482 3597 3583 3416 3428 3314 3268 3381 3326 3269 

Cluster 59:
Centroid: (51912.9, 68245.4)
Cities: 7641 7730 7704 7754 7783 7792 7791 7528 7538 7508 7502 7506 7825 7493 7485 7536 7844 7484 7871 7710 7895 7535 7787 7537 7458 7654 7410 7426 7666 7743 7574 7511 7463 7923 7578 7679 7853 7988 7950 7896 7984 7702 7834 7427 7395 7266 7231 7961 7531 7206 8007 7248 7968 8034 7614 7542 8035 7775 7739 7550 7358 7759 8059 7399 8016 7924 7479 7628 7099 7841 8111 7765 7394 8122 8073 7357 7549 7793 8112 7053 8058 7041 7971 7835 8069 7972 7609 7355 7003 8143 7030 7022 7445 7635 7434 8169 8026 7442 8221 8036 8166 8209 8234 8101 7914 7865 7412 8124 7982 8144 8210 8250 8273 7612 7011 7956 8057 7973 7881 8231 7664 7420 8258 8015 8170 8128 6797 7462 8242 8126 7518 7676 6910 8344 7630 8294 8299 8216 7013 8337 8331 8350 8379 8087 7732 7443 8247 6800 6791 7393 8270 6933 8444 7428 8338 8347 8360 6932 6921 7467 6758 7423 8266 8307 8369 8441 8220 8442 8404 8462 7247 8499 8357 7460 8439 6468 7217 6673 7153 8205 8474 8477 6581 7267 7085 6416 6717 6759 7056 7042 6716 6657 6148 6659 6107 6863 6180 6744 

Cluster 60:
Centroid: (50395.6, 68311.7)
Cities: 6561 6736 6045 5609 6023 5919 5529 5121 4848 

Cluster 61:
Centroid: (53785.8, 65646.9)
Cities: 8392 8434 8473 8490 8531 8536 8541 8562 8582 8600 8610 8629 8685 8701 8704 8715 8720 8735 8743 8744 8759 8777 8778 8783 8790 8793 8802 8809 8835 8851 8853 8863 8868 8883 8886 8888 8898 8912 8923 8935 8942 8949 8962 8964 8985 9002 9003 9008 9018 9043 9056 9071 9080 9086 9101 9102 9123 9131 9134 9155 9201 9208 9209 9220 9235 9236 9237 9248 9249 9254 9256 9259 9331 9332 9334 9347 9350 9352 9391 9412 9418 9434 9442 9450 9453 9463 9468 9469 9480 9486 9502 9511 9518 9519 9537 9543 9551 9552 9555 9561 9563 9565 9566 9577 9585 9592 9598 9607 9608 9609 9612 9617 9619 9622 9636 9649 9650 9654 9655 9663 9681 9682 9685 9696 9697 9709 9710 9716 9717 9727 9745 9755 9756 

Cluster 62:
Centroid: (49875.7, 51450.6)
Cities: 4711 4888 4837 4611 4712 4941 4713 4562 5007 5037 4838 4991 4612 5108 4513 4418 4749 4588 4839 4816 5184 5038 5079 4419 5185 4714 5155 4310 5290 5322 4480 5289 5263 4260 4197 5080 5418 4309 5450 4642 4452 4613 4339 5352 5493 5224 4417 5492 5323 5520 5183 5521 4384 4514 4748 5186 5560 5467 4587 4906 4175 4940 5638 4779 4715 4287 4102 4512 5637 4967 5313 4907 5182 4385 5419 4815 5008 4176 5420 5599 4311 4020 5710 5766 5039 5849 5848 5765 4243 5598 4050 4716 5561 5684 5821 4836 5659 5129 5181 4119 5417 4563 5966 4966 4416 4010 5494 4873 3923 5559 5187 4383 5109 4030 5351 4747 4641 5739 4561 5262 5078 5156 5658 3741 4011 3948 3834 5291 6076 5767 4415 5292 5636 4382 3792 4259 5558 3876 5883 4359 5421 5884 3833 3835 3675 5967 5768 4905 5639 4083 4511 5383 5416 3768 4640 5288 3769 6110 5597 4746 3676 5225 5009 6081 4174 5885 3698 5822 6033 3858 6082 5077 3655 5519 5264 4338 3701 3530 4710 5081 4560 4773 3551 5076 4193 3644 6137 5375 4671 5522 3634 5451 5823 6004 4835 3832 5287 3875 

Cluster 63:
Centroid: (49155.7, 50961.8)
Cities: 3740 3802 3586 3700 6138 3791 3770 3781 3611 3654 3574 3633 3410 

Cluster 64:
Centroid: (41189.5, 68447)
Cities: 90 99 101 86 72 74 66 69 193 75 64 141 168 171 63 151 199 79 76 58 60 123 152 103 189 93 53 109 62 54 51 194 108 55 59 226 57 185 115 154 77 122 56 47 153 78 49 81 82 184 126 217 73 130 83 84 98 111 50 214 52 124 46 41 131 85 170 87 129 128 44 238 174 40 48 142 42 33 89 137 45 210 31 65 70 91 215 100 36 30 32 28 246 117 67 140 29 26 25 37 155 39 38 23 35 43 145 68 106 22 95 96 34 230 94 19 97 27 20 61 17 21 18 24 161 179 14 249 165 102 212 107 104 267 13 15 222 112 132 188 12 110 223 105 164 175 248 156 71 116 9 219 10 158 118 119 121 113 160 280 157 172 125 136 11 7 120 169 254 181 16 4 135 133 127 278 8 5 2 291 3 6 262 294 296 327 342 330 366 370 364 1 376 380 144 387 402 411 

Cluster 65:
Centroid: (41512.1, 66523.4)
Cities: 239 438 326 92 138 269 229 88 192 139 237 80 

Cluster 66:
Centroid: (48879.7, 78071.2)
Cities: 2385 2386 2513 2693 2720 2732 2777 2784 2839 2840 2850 2854 2889 2921 2961 2968 3007 3020 3024 3032 3041 3056 3057 3101 3103 3109 3136 3148 3171 3172 3173 3208 3225 3239 3303 3343 3380 3401 3426 3481 3536 3537 3564 3565 3568 3603 3638 3651 3667 3679 3680 3690 3705 3706 3716 3720 3757 3778 3811 3815 3850 3866 3893 3910 3929 3998 4004 4015 4064 4065 4089 4153 4159 4205 4316 4349 4350 4353 4396 4487 4623 4681 4682 4683 4725 4823 4980 5116 5218 5243 5396 5532 

Cluster 67:
Centroid: (52529.2, 69870.7)
Cities: 8147 8186 8148 8236 8212 8279 8172 8328 8037 8222 8078 8315 8329 8275 8008 8129 7990 8429 8376 8417 8050 8020 8259 8327 8185 8370 8468 8000 8079 8070 7952 8248 8201 8385 8213 8157 8280 8453 8346 7921 8565 8009 8339 8448 8495 7953 7922 7991 7910 8585 8527 8401 7856 8200 8077 8607 8149 8371 8405 8260 8171 7873 8621 8501 8532 7874 8235 8146 8588 8563 8377 7974 8479 8630 7836 8676 8256 7804 8542 8281 7826 7795 8586 8028 8274 8406 7758 8619 7875 7794 8114 8580 8643 7768 7903 7729 8458 7989 7713 8682 8407 7747 8721 7845 8089 7946 7872 8611 7876 8768 7788 7728 8540 8661 7680 7686 7674 8556 8306 7714 8353 8113 8633 7975 8649 8775 8215 8211 8145 8826 8820 7651 8359 8038 8846 7951 7983 7594 7599 8130 8010 8084 8817 7846 7632 8706 8502 7587 8475 7734 8282 7660 8223 7756 7701 8521 8052 8760 8305 7671 7571 7629 8027 8340 8906 8805 8115 8616 7610 7622 7802 7593 8304 7652 8875 8612 8187 7886 8513 7478 7925 8668 8156 7499 7533 8739 8361 8492 7579 7636 8617 8571 8794 8435 8386 8957 8981 8800 

Cluster 68:
Centroid: (52590.2, 69833.4)
Cities: 7617 8440 8726 8869 8992 8830 8158 8757 8810 8696 8348 7539 8841 8996 7491 8504 8613 7818 8978 8924 7424 7936 8634 8700 7392 7507 7370 8011 8675 7416 8356 8915 8940 8995 8916 7366 9047 9062 8657 8224 7468 8599 7406 7314 9097 8424 8322 7282 7353 7897 7249 8230 7075 8276 8047 

Cluster 69:
Centroid: (51969.1, 66361)
Cities: 6119 6126 6516 6532 6560 6653 6715 6835 6842 6920 6934 6952 6977 6989 7021 7027 7033 7040 7058 7060 7068 7081 7086 7116 7119 7133 7166 7216 7234 7255 7259 7283 7298 7305 7306 7316 7346 7372 7378 7390 7414 7415 7452 7453 7459 7473 7483 7496 7498 7500 7516 7517 7558 7577 7585 7621 7631 7639 7640 7647 7659 7669 7689 7690 7698 7700 7712 7726 7738 7748 7761 7762 7763 7764 7770 7774 7779 7789 7801 7805 7806 7812 7813 7817 7822 7823 7843 7854 7855 7867 7870 7883 7885 7892 7894 7905 7909 7930 7932 7949 7958 7966 7967 7969 7970 8005 8014 8043 8045 8046 8051 8056 8068 8071 8076 8083 8092 8094 8095 8096 8097 8098 8100 8125 8134 8136 8137 8165 8180 8183 8184 8194 8196 8204 8207 8208 8219 8227 8229 8233 8241 8244 8246 8249 8271 8278 8290 8291 8302 8311 8333 8358 8365 8367 8374 8375 8381 8398 8402 8415 8430 8454 

Cluster 70:
Centroid: (46906.6, 49190)
Cities: 2117 2127 2128 2129 2130 2131 2133 2134 2135 2136 2144 2145 2146 2147 2148 2149 2150 2151 2152 2153 2154 2157 2158 2159 2160 2161 2162 2163 2164 2165 2166 2167 2168 2172 2173 2175 2176 2177 2178 2179 2180 2181 2185 2186 2187 2188 2189 2190 2191 2192 2193 2194 2195 2196 2197 2200 2201 2202 2203 2204 2205 2206 2207 2208 2209 2210 2211 2212 2213 2214 2215 2216 2217 2218 2219 2220 2223 2224 2225 2226 2227 2228 2229 2230 2231 2232 2233 2234 2235 2236 2237 2238 2239 2240 2241 2242 2243 2245 2246 2247 2248 2249 2250 2251 2252 2253 2254 2255 2260 2261 2262 2263 2264 2265 2266 2267 2268 2269 2270 2276 2279 2280 2281 2282 2283 2284 2285 2286 2287 2294 2295 2296 2297 2301 2302 2306 2307 2312 2319 2322 2334 2339 2340 2348 2353 2360 2362 2363 2391 2407 2408 2474 2509 2511 2514 2520 2537 2549 2571 2581 2582 2583 2598 2608 2620 2633 2646 2675 2676 2677 2699 2726 2727 2744 2765 2792 2798 2800 2801 2821 2829 2858 2859 2870 2881 2891 2903 2926 2937 2964 2984 2999 3016 3017 3025 3026 3036 3044 

Cluster 71:
Centroid: (43403.1, 74508.8)
Cities: 224 365 515 546 582 583 591 600 615 623 624 632 633 634 643 644 647 651 659 664 672 673 674 678 685 686 712 719 722 727 728 729 730 731 733 740 746 750 753 778 795 799 809 818 822 823 827 829 831 841 851 855 858 867 868 875 883 886 900 909 910 936 969 970 986 1011 1021 1051 1053 1065 1104 1115 1121 1124 1127 1133 1134 1150 1151 1162 1180 1183 1190 1207 1242 1265 1266 1268 1277 1285 1290 1291 1292 1302 1323 1331 1332 1361 1368 1374 1405 1421 1423 1429 1434 1449 1450 1461 1485 1548 1569 

Cluster 72:
Centroid: (50180.4, 53327.6)
Cities: 5565 5422 5686 5716 5469 5265 5453 5566 5715 5875 5355 5640 5188 5740 5909 5910 5266 5295 5158 5939 5280 5228 5852 4970 5085 5294 5111 6065 5564 5888 6036 4943 6085 6084 5969 4944 5773 5470 4868 5600 6174 6066 5471 5563 5110 4840 4910 5041 5968 5601 4717 6067 5324 6175 5567 5277 5084 5354 6112 5083 4597 4589 6409 5877 5040 5157 4841 6345 5495 4539 4969 4516 5851 5189 5353 4615 4481 4945 6284 6364 5685 6421 4454 6503 4750 4817 6400 6231 6363 4408 5190 4733 5824 6173 4421 4432 5714 4482 6477 6083 6203 4341 5850 4862 6139 5042 6557 4909 5772 5227 4386 5130 5176 4540 4295 4453 5010 4936 4340 6667 4405 4578 4673 6068 6035 4312 5293 6399 6037 6651 4483 6319 5402 6545 5568 6251 6064 6038 4244 4455 4515 5929 6708 6752 6111 6063 5496 4226 4672 6086 4121 4177 4633 5226 4225 4614 6728 5423 6818 4435 5452 6826 4112 4420 5774 5587 4564 5771 6398 6850 4104 6034 6252 6062 6807 4163 6204 5082 6450 4021 6476 5547 4892 6751 6707 5011 3966 5775 4942 4130 5887 4908 6627 6576 4144 5938 4120 4103 

Cluster 73:
Centroid: (50276.6, 53500.6)
Cities: 6318 4968 5468 5776 5713 5770 7007 6864 6547 5562 6898 5970 4167 3932 6205 6819 6577 3956 7055 3861 5769 4616 6998 3836 6935 5712 4031 6830 6987 4517 7006 6668 7037 4134 6753 7038 5711 3860 7096 6865 7079 5886 7080 6963 7126 7113 6159 7123 3873 6344 6087 7028 6820 6709 6720 7009 3859 6754 7036 4084 6706 3897 7165 6603 7052 6912 7125 3837 3924 6556 3771 6652 6927 6780 6941 7183 7244 4245 3804 6230 7253 6604 6779 4012 5405 4122 5569 3904 7138 7035 7312 6750 4911 3656 3646 3645 3772 3894 5112 7332 3647 7333 6986 7182 3635 3604 7334 3589 7112 7327 7337 7224 3624 7232 7315 7303 3555 3614 3590 3531 7299 3615 3588 3494 3556 3486 4145 7284 3540 3702 3472 3471 6735 4912 7278 3554 7243 3452 3519 5325 4718 5717 3975 3425 4146 3392 6140 3714 3934 3862 3793 6596 6669 6445 6628 6629 

